date,ticker,open,high,low,close,volume
2021-08-20,XOS,8.64,9.0,7.2727,7.55,307129
2021-08-23,XOS,8.5,8.5,7.53,7.84,631101
2021-08-24,XOS,8.15,8.17,6.77,6.94,1509370
2021-08-25,XOS,7.07,7.07,6.02,6.19,2074629
2021-08-26,XOS,6.07,6.25,5.835,6.18,786230
2021-08-27,XOS,6.08,6.15,5.65,6.04,860312
2021-08-30,XOS,6.3615,6.75,6.25,6.62,1303214
2021-08-31,XOS,6.8,7.09,6.55,7.06,968012
2021-09-01,XOS,7.16,7.24,6.56,6.71,875875
2021-09-02,XOS,6.83,7.01,6.6,7.0,493457
2021-09-03,XOS,6.8775,7.95,6.8775,7.76,881513
2021-09-07,XOS,8.0791,8.96,7.8,7.86,1676848
2021-09-08,XOS,8.0,8.9,7.95,8.08,1124996
2021-09-09,XOS,7.95,8.64,7.9,8.36,626579
2021-09-10,XOS,8.36,8.44,7.1105,7.17,1155965
2021-09-13,XOS,7.52,7.59,6.7,6.71,753088
2021-09-14,XOS,6.76,6.89,6.21,6.28,651308
2021-09-15,XOS,6.21,6.28,6.01,6.16,745063
2021-09-16,XOS,6.82,7.3,6.22,6.79,1748899
2021-09-17,XOS,6.94,7.75,6.82,7.52,3011682
2021-09-20,XOS,6.88,7.05,6.52,6.96,1246583
2021-09-21,XOS,7.0,7.1899,6.6094,7.15,757182
2021-09-22,XOS,7.22,7.63,7.15,7.35,651475
2021-09-23,XOS,7.26,7.401,7.02,7.08,704273
2021-09-24,XOS,6.58,6.75,5.55,5.56,7487057
2021-09-27,XOS,5.78,5.79,5.35,5.45,2179351
2021-09-28,XOS,5.49,5.55,4.92,5.03,2823374
2021-09-29,XOS,5.09,5.28,4.65,4.67,2778807
2021-09-30,XOS,4.8698,4.87,4.53,4.63,2075452
2021-10-01,XOS,4.73,4.7999,4.48,4.79,1438375
2021-10-04,XOS,4.8,4.8,4.52,4.6,1168499
2021-10-05,XOS,4.64,4.69,4.44,4.52,1189244
2021-10-06,XOS,4.46,4.55,4.25,4.3,1353704
2021-10-07,XOS,4.37,4.645,4.35,4.57,655447
2021-10-08,XOS,4.5,4.6,4.48,4.53,603078
2021-10-11,XOS,4.75,4.93,4.61,4.67,987807
2021-10-12,XOS,4.65,4.9,4.61,4.89,538259
2021-10-13,XOS,4.87,4.92,4.71,4.79,525935
2021-10-14,XOS,4.7538,4.91,4.7,4.72,811493
2021-10-15,XOS,4.75,4.8,4.65,4.68,1016096
2021-10-18,XOS,4.6,4.67,4.41,4.44,851678
2021-10-19,XOS,4.43,4.5888,4.42,4.48,787674
2021-10-20,XOS,4.5,4.62,4.385,4.4,576307
2021-10-21,XOS,4.4,4.58,4.38,4.43,404660
2021-10-22,XOS,4.4,4.46,4.1,4.34,1187952
2021-10-25,XOS,4.37,4.585,4.2536,4.57,736814
2021-10-26,XOS,4.57,4.67,4.35,4.42,738141
2021-10-27,XOS,4.48,4.72,4.4,4.47,1417640
2021-10-28,XOS,4.6,5.25,4.47,5.06,2596043
2021-10-29,XOS,5.03,5.44,5.01,5.28,1464545
2021-11-01,XOS,5.44,5.67,5.27,5.41,1194781
2021-11-02,XOS,5.48,5.6,5.14,5.31,722930
2021-11-03,XOS,5.2686,5.34,4.93,5.02,721169
2021-11-04,XOS,5.06,5.15,4.75,4.86,834287
2021-11-05,XOS,4.8,4.9693,4.6801,4.87,437943
2021-11-08,XOS,5.0,5.14,4.88,5.06,1135552
2021-11-09,XOS,5.07,5.15,4.81,4.87,841370
2021-11-10,XOS,4.915,5.06,4.69,4.81,729807
2021-11-11,XOS,4.85,5.02,4.65,4.97,1263235
2021-11-12,XOS,4.95,4.95,4.42,4.52,1851626
2021-11-15,XOS,4.63,4.64,4.45,4.53,696351
2021-11-16,XOS,4.55,4.56,4.37,4.4,897149
2021-11-17,XOS,4.41,4.48,4.21,4.42,853496
2021-11-18,XOS,4.45,4.458,4.2201,4.26,1194747
2021-11-19,XOS,4.26,4.39,4.1909,4.35,523325
2021-11-22,XOS,4.35,4.35,3.95,4.15,1282043
2021-11-23,XOS,4.35,4.35,3.945,4.01,1220016
2021-11-24,XOS,3.96,4.17,3.84,4.16,441087
2021-11-26,XOS,4.1,4.35,4.02,4.27,555379
2021-11-29,XOS,4.27,4.31,4.06,4.11,725154
2021-11-30,XOS,4.1,4.1762,3.95,4.03,486409
2021-12-01,XOS,4.02,4.02,3.69,3.71,772814
2021-12-02,XOS,3.75,3.8784,3.65,3.81,928729
2021-12-03,XOS,3.86,3.86,3.3,3.44,1621118
2021-12-06,XOS,3.53,3.59,3.25,3.49,829756
2021-12-07,XOS,3.76,3.98,3.63,3.85,999933
2021-12-08,XOS,3.69,3.75,3.54,3.58,1207800
2021-12-09,XOS,3.53,3.68,3.35,3.37,890087
2021-12-10,XOS,3.39,3.4337,3.285,3.31,581301
2021-12-13,XOS,3.37,3.41,3.05,3.17,1400133
2021-12-14,XOS,3.16,3.34,3.13,3.17,481427
2021-12-15,XOS,3.15,3.25,2.97,3.07,966693
2021-12-16,XOS,3.1,3.19,2.86,2.92,974054
2021-12-17,XOS,2.9,2.98,2.72,2.83,3240077
2021-12-20,XOS,2.8,2.88,2.65,2.85,814704
2021-12-21,XOS,2.87,2.92,2.71,2.86,1294141
2021-12-22,XOS,2.82,2.97,2.76,2.91,751023
2021-12-23,XOS,2.9,3.0699,2.86,3.05,702835
2021-12-27,XOS,3.05,3.1827,2.97,3.07,629756
2021-12-28,XOS,3.09,3.17,2.93,2.93,569963
2021-12-29,XOS,2.97,3.0,2.83,2.85,448529
2021-12-30,XOS,2.865,3.03,2.83,2.93,1055395
2021-12-31,XOS,3.08,3.29,3.03,3.15,1901545
2022-01-03,XOS,3.18,3.19,2.92,2.93,1047108
2022-01-04,XOS,2.95,2.99,2.76,2.84,796288
2022-01-05,XOS,2.98,2.98,2.665,2.69,796027
2022-01-06,XOS,2.7,2.755,2.49,2.67,621278
2022-01-07,XOS,2.65,2.7,2.56,2.61,370626
2022-01-10,XOS,2.56,2.58,2.42,2.51,650414
2022-01-11,XOS,2.52,2.6,2.465,2.51,468531
2022-01-12,XOS,2.58,2.6101,2.4746,2.49,416572
2022-01-13,XOS,2.5,2.65,2.46,2.46,504641
2022-01-14,XOS,2.46,2.49,2.36,2.46,407807
2022-01-18,XOS,2.41,2.45,2.28,2.3,578486
2022-01-19,XOS,2.33,2.3505,2.22,2.25,542681
2022-01-20,XOS,2.29,2.327,2.17,2.18,539373
2022-01-21,XOS,2.15,2.2399,2.07,2.14,689269
2022-01-24,XOS,2.105,2.19,1.92,2.17,759435
2022-01-25,XOS,2.11,2.18,2.03,2.15,314306
2022-01-26,XOS,2.2,2.2899,2.1,2.13,393056
2022-01-27,XOS,2.13,2.15,2.005,2.05,447264
2022-01-28,XOS,2.02,2.08,1.9364,2.08,332952
2022-01-31,XOS,2.12,2.31,2.1,2.3,552690
2022-02-01,XOS,2.43,2.47,2.22,2.43,622751
2022-02-02,XOS,2.55,2.55,2.32,2.4,651360
2022-02-03,XOS,2.355,2.355,2.16,2.21,402662
2022-02-04,XOS,2.22,2.25,2.15,2.25,311899
2022-02-07,XOS,2.26,2.32,2.2,2.21,237250
2022-02-08,XOS,2.21,2.29,2.17,2.29,567812
2022-02-09,XOS,2.28,2.37,2.18,2.24,764341
2022-02-10,XOS,2.18,2.455,2.17,2.3,1012387
2022-02-11,XOS,2.3195,2.47,2.21,2.25,539864
2022-02-14,XOS,2.305,2.48,2.24,2.32,408948
2022-02-15,XOS,2.37,2.45,2.35,2.45,297944
2022-02-16,XOS,2.43,2.47,2.36,2.39,207400
2022-02-17,XOS,2.37,2.44,2.27,2.31,242404
2022-02-18,XOS,2.4796,2.4796,2.24,2.27,242689
2022-02-22,XOS,2.25,2.31,2.18,2.23,391513
2022-02-23,XOS,2.24,2.3326,2.06,2.08,355197
2022-02-24,XOS,2.0,2.27,1.99,2.26,263649
2022-02-25,XOS,2.26,2.32,2.22,2.27,263592
2022-02-28,XOS,2.31,2.45,2.3,2.39,365479
2022-03-01,XOS,2.36,2.45,2.275,2.34,254595
2022-03-02,XOS,2.36,2.41,2.3,2.4,184632
2022-03-03,XOS,2.41,2.45,2.28,2.3,170132
2022-03-04,XOS,2.3,2.33,2.17,2.2,271828
2022-03-07,XOS,2.23,2.34,2.11,2.15,408880
2022-03-08,XOS,2.25,2.64,2.175,2.56,632549
2022-03-09,XOS,2.61,2.7306,2.535,2.64,414935
2022-03-10,XOS,2.6,2.6,2.46,2.59,188346
2022-03-11,XOS,2.6,2.67,2.41,2.44,208879
2022-03-14,XOS,2.46,2.48,2.32,2.33,277187
2022-03-15,XOS,2.34,2.49,2.29,2.48,326433
2022-03-16,XOS,2.53,2.68,2.46,2.65,441029
2022-03-17,XOS,2.6,2.97,2.57,2.95,627886
2022-03-18,XOS,2.92,3.08,2.86,2.95,740333
2022-03-21,XOS,2.95,3.17,2.92,3.14,493639
2022-03-22,XOS,3.15,3.545,3.15,3.46,776415
2022-03-23,XOS,3.46,3.48,3.21,3.27,526196
2022-03-24,XOS,3.27,3.31,3.04,3.25,199324
2022-03-25,XOS,3.25,3.25,3.12,3.2,164858
2022-03-28,XOS,3.15,3.1985,2.99,3.08,322951
2022-03-29,XOS,3.43,3.45,3.05,3.17,532576
2022-03-30,XOS,3.2,3.53,3.16,3.33,737216
2022-03-31,XOS,3.32,3.34,2.98,2.99,475985
2022-04-01,XOS,3.05,3.24,3.03,3.23,342363
2022-04-04,XOS,3.26,3.28,3.05,3.07,364865
2022-04-05,XOS,3.1,3.125,2.87,3.0,405057
2022-04-06,XOS,2.93,3.01,2.8,2.82,278109
2022-04-07,XOS,2.83,2.8588,2.6402,2.71,352324
2022-04-08,XOS,2.71,2.73,2.61,2.62,221785
2022-04-11,XOS,2.62,2.72,2.56,2.7,194620
2022-04-12,XOS,2.77,2.85,2.7,2.76,278446
2022-04-13,XOS,2.75,2.94,2.7281,2.89,248642
2022-04-14,XOS,2.86,3.04,2.8005,3.01,436787
2022-04-18,XOS,3.01,3.05,2.82,2.87,497705
2022-04-19,XOS,2.86,3.07,2.81,2.97,315115
2022-04-20,XOS,2.99,3.05,2.91,2.95,266368
2022-04-21,XOS,2.99,3.13,2.83,2.86,376789
2022-04-22,XOS,2.84,2.99,2.78,2.87,223020
2022-04-25,XOS,2.7838,3.11,2.78,3.1,392281
2022-04-26,XOS,3.1,3.1,2.9,2.92,302317
2022-04-27,XOS,2.91,2.99,2.875,2.91,260062
2022-04-28,XOS,2.95,3.12,2.85,3.1,275570
2022-04-29,XOS,3.04,3.15,2.98,3.01,280194
2022-05-02,XOS,3.04,3.04,2.81,2.9,336102
2022-05-03,XOS,2.9,3.01,2.8,2.84,262224
2022-05-04,XOS,2.87,2.94,2.7,2.92,456986
2022-05-05,XOS,2.89,2.89,2.67,2.73,439740
2022-05-06,XOS,2.62,2.65,2.38,2.63,480095
2022-05-09,XOS,2.62,2.62,2.47,2.51,287322
2022-05-10,XOS,2.52,2.5784,2.25,2.26,612713
2022-05-11,XOS,2.3,2.42,2.25,2.32,317344
2022-05-12,XOS,2.27,2.45,2.14,2.34,739270
2022-05-13,XOS,2.52,2.56,2.26,2.4,634326
2022-05-16,XOS,2.4,2.54,2.38,2.44,599841
2022-05-17,XOS,2.47,2.75,2.47,2.69,436567
2022-05-18,XOS,2.69,2.74,2.58,2.63,327326
2022-05-19,XOS,2.62,2.709,2.55,2.61,341938
2022-05-20,XOS,2.62,2.64,2.46,2.59,354993
2022-05-23,XOS,2.63,2.68,2.55,2.65,277157
2022-05-24,XOS,2.65,2.65,2.5,2.57,259921
2022-05-25,XOS,2.56,2.62,2.48,2.55,244437
2022-05-26,XOS,2.55,2.66,2.53,2.59,273889
2022-05-27,XOS,2.64,2.9,2.64,2.85,346819
2022-05-31,XOS,2.85,3.04,2.835,2.97,363984
2022-06-01,XOS,2.96,3.03,2.89,2.97,301078
2022-06-02,XOS,2.97,3.23,2.93,3.13,436668
2022-06-03,XOS,3.16,3.25,3.01,3.09,396177
2022-06-06,XOS,3.11,3.23,2.86,2.88,622397
2022-06-07,XOS,2.84,2.85,2.59,2.72,465005
2022-06-08,XOS,2.71,2.9,2.6878,2.81,229910
2022-06-09,XOS,2.81,2.81,2.6,2.6,322889
2022-06-10,XOS,2.57,2.62,2.51,2.58,184571
2022-06-13,XOS,2.52,2.62,2.47,2.47,320348
2022-06-14,XOS,2.49,2.6,2.41,2.5,426060
2022-06-15,XOS,2.59,2.66,2.5,2.55,489784
2022-06-16,XOS,2.52,2.55,2.4,2.5,485749
2022-06-17,XOS,2.5,2.56,2.46,2.52,1168954
2022-06-21,XOS,2.53,2.59,2.31,2.31,577035
2022-06-22,XOS,2.3,2.36,2.15,2.15,486282
2022-06-23,XOS,2.15,2.24,2.06,2.22,722767
2022-06-24,XOS,2.26,2.46,2.02,2.15,6574838
2022-06-27,XOS,2.22,2.24,2.025,2.04,935116
2022-06-28,XOS,2.1,2.15,1.96,1.97,723195
2022-06-29,XOS,2.04,2.04,1.8,1.84,800932
2022-06-30,XOS,1.88,1.88,1.73,1.84,491821
2022-07-01,XOS,1.81,1.89,1.75,1.8,305133
2022-07-05,XOS,1.81,2.03,1.7,2.0,696708
2022-07-06,XOS,2.08,2.15,1.93,2.04,871329
2022-07-07,XOS,2.04,2.3,2.02,2.28,659987
2022-07-08,XOS,2.27,2.33,2.165,2.21,464004
2022-07-11,XOS,2.21,2.21,1.9701,1.995,272672
2022-07-12,XOS,2.1,2.12,1.98,1.99,306609
2022-07-13,XOS,1.98,1.98,1.81,1.82,868840
2022-07-14,XOS,1.8,1.82,1.72,1.78,592057
2022-07-15,XOS,1.83,1.83,1.71,1.83,459166
2022-07-18,XOS,1.84,1.92,1.83,1.88,325698
2022-07-19,XOS,1.89,1.98,1.88,1.91,422745
2022-07-20,XOS,1.91,1.94,1.85,1.88,274803
2022-07-21,XOS,1.89,1.89,1.78,1.86,494964
2022-07-22,XOS,1.88,1.88,1.7,1.72,335838
2022-07-25,XOS,1.74,1.77,1.7,1.77,312599
2022-07-26,XOS,1.79,1.79,1.7,1.71,189885
2022-07-27,XOS,1.76,1.795,1.72,1.78,260987
2022-07-28,XOS,1.83,1.87,1.7801,1.84,272905
2022-07-29,XOS,1.85,1.85,1.75,1.79,382315
2022-08-01,XOS,1.77,1.8,1.74,1.77,357872
2022-08-02,XOS,1.75,1.87,1.75,1.82,531123
2022-08-03,XOS,1.84,1.8674,1.77,1.81,489008
2022-08-04,XOS,1.88,2.035,1.84,1.88,665090
2022-08-05,XOS,1.9,1.93,1.81,1.92,826982
2022-08-08,XOS,2.02,2.093,1.98,2.02,504550
2022-08-09,XOS,2.0,2.0236,1.875,1.93,435091
2022-08-10,XOS,2.01,2.1,1.98,2.08,616911
2022-08-11,XOS,2.13,2.14,1.9,2.0,720396
2022-08-12,XOS,2.05,2.05,1.9,1.93,446896
2022-08-15,XOS,1.9,2.015,1.86,2.01,869425
2022-08-16,XOS,2.0,2.02,1.91,1.96,308340
2022-08-17,XOS,1.91,1.93,1.8,1.83,573023
2022-08-18,XOS,1.81,1.88,1.785,1.8,227464
2022-08-19,XOS,1.77,1.77,1.7,1.71,451254
2022-08-22,XOS,1.7,1.72,1.63,1.65,661478
2022-08-23,XOS,1.64,1.749,1.6312,1.67,190309
2022-08-24,XOS,1.68,1.78,1.66,1.77,275449
2022-08-25,XOS,1.79,1.8007,1.73,1.79,272196
2022-08-26,XOS,1.77,1.79,1.67,1.69,273340
2022-08-29,XOS,1.67,1.68,1.61,1.61,244231
2022-08-30,XOS,1.62,1.65,1.54,1.58,312799
2022-08-31,XOS,1.59,1.6,1.505,1.52,279474
2022-09-01,XOS,1.52,1.5295,1.44,1.47,445923
2022-09-02,XOS,1.48,1.5,1.42,1.42,191768
2022-09-06,XOS,1.44,1.49,1.41,1.45,243031
2022-09-07,XOS,1.45,1.49,1.45,1.49,181418
2022-09-08,XOS,1.47,1.57,1.47,1.55,224201
2022-09-09,XOS,1.57,1.65,1.56,1.59,227883
2022-09-12,XOS,1.61,1.655,1.57,1.62,142322
2022-09-13,XOS,1.53,1.575,1.5,1.51,271302
2022-09-14,XOS,1.52,1.56,1.5,1.53,138149
2022-09-15,XOS,1.53,1.58,1.48,1.49,319707
2022-09-16,XOS,1.47,1.48,1.42,1.43,289548
2022-09-19,XOS,1.46,1.49,1.41,1.42,231159
2022-09-20,XOS,1.44,1.45,1.35,1.36,434878
2022-09-21,XOS,1.37,1.4,1.306,1.34,109983
2022-09-22,XOS,1.35,1.3896,1.27,1.29,250504
2022-09-23,XOS,1.29,1.37,1.25,1.36,322294
2022-09-26,XOS,1.35,1.44,1.29,1.3,218049
2022-09-27,XOS,1.32,1.36,1.2701,1.28,192870
2022-09-28,XOS,1.33,1.36,1.27,1.33,254551
2022-09-29,XOS,1.3,1.31,1.2326,1.27,339760
2022-09-30,XOS,1.27,1.3187,1.2,1.2,286145
2022-10-03,XOS,1.15,1.1593,1.02,1.13,2282808
2022-10-04,XOS,1.13,1.2,1.13,1.16,467931
2022-10-05,XOS,1.14,1.2,1.09,1.15,378861
2022-10-06,XOS,1.11,1.19,1.11,1.13,194301
2022-10-07,XOS,1.11,1.13,1.1,1.13,289022
2022-10-10,XOS,1.1,1.11,1.05,1.09,283752
2022-10-11,XOS,1.06,1.11,1.02,1.1,289999
2022-10-12,XOS,1.13,1.13,1.04,1.05,237784
2022-10-13,XOS,1.05,1.0766,1.0,1.03,354673
2022-10-14,XOS,1.07,1.1,1.03,1.06,291688
2022-10-17,XOS,1.1,1.14,1.05,1.06,193740
2022-10-18,XOS,1.13,1.13,1.02,1.03,207776
2022-10-19,XOS,1.02,1.03,0.9431,0.9655,755445
2022-10-20,XOS,0.99,1.02,0.9655,0.97,298184
2022-10-21,XOS,0.98,0.98,0.8575,0.9,741916
2022-10-24,XOS,0.93,0.95,0.9,0.9387,260213
2022-10-25,XOS,0.945,1.05,0.94,1.05,494159
2022-10-26,XOS,1.06,1.11,1.04,1.09,211183
2022-10-27,XOS,1.11,1.11,1.01,1.02,258042
2022-10-28,XOS,1.01,1.1,1.01,1.08,204143
2022-10-31,XOS,1.08,1.16,1.05,1.13,267615
2022-11-01,XOS,1.14,1.18,1.115,1.15,437310
2022-11-02,XOS,1.18,1.19,1.11,1.11,221976
2022-11-03,XOS,1.08,1.1424,1.07,1.1,102316
2022-11-04,XOS,1.11,1.15,1.09,1.12,169683
2022-11-07,XOS,1.13,1.15,1.04,1.06,189305
2022-11-08,XOS,1.07,1.0784,1.01,1.03,153086
2022-11-09,XOS,1.03,1.06,1.01,1.04,129981
2022-11-10,XOS,1.13,1.14,1.03,1.1,408497
2022-11-11,XOS,1.1,1.1,1.02,1.05,595346
2022-11-14,XOS,1.04,1.0958,0.95,0.96,860517
2022-11-15,XOS,0.97,0.99,0.9221,0.9221,954239
2022-11-16,XOS,0.9,0.9299,0.83,0.83,919944
2022-11-17,XOS,0.84,0.85,0.8,0.8322,266783
2022-11-18,XOS,0.8499,0.87,0.81,0.8322,218360
2022-11-21,XOS,0.8222,0.85,0.76,0.81,662220
2022-11-22,XOS,0.81,0.83,0.79,0.8205,215277
2022-11-23,XOS,0.83,0.87,0.825,0.8562,472635
2022-11-25,XOS,0.83,0.8499,0.81,0.8112,109256
2022-11-28,XOS,0.8,0.81,0.7401,0.7478,429128
2022-11-29,XOS,0.752,0.7685,0.6459,0.6611,1034484
2022-11-30,XOS,0.705,0.705,0.6302,0.64,1006800
2022-12-01,XOS,0.65,0.673,0.5827,0.609,1058306
2022-12-02,XOS,0.596,0.6627,0.56,0.6065,844066
2022-12-05,XOS,0.615,0.65,0.599,0.6205,739333
2022-12-06,XOS,0.65,0.65,0.6,0.6091,473959
2022-12-07,XOS,0.6,0.6298,0.5911,0.6145,404345
2022-12-08,XOS,0.6068,0.63,0.6,0.6061,315224
2022-12-09,XOS,0.6107,0.6598,0.6107,0.646,400942
2022-12-12,XOS,0.62,0.6776,0.6101,0.6367,298679
2022-12-13,XOS,0.65,0.72,0.6,0.6245,546318
2022-12-14,XOS,0.62,0.7,0.615,0.6628,398945
2022-12-15,XOS,0.65,0.7,0.64,0.6808,350433
2022-12-16,XOS,0.6727,0.6841,0.62,0.62,1125134
2022-12-19,XOS,0.6351,0.64,0.59,0.5925,450198
2022-12-20,XOS,0.59,0.6174,0.58,0.591,452045
2022-12-21,XOS,0.5968,0.62,0.59,0.61,216751
2022-12-22,XOS,0.5801,0.62,0.5801,0.5831,510171
2022-12-23,XOS,0.5801,0.6,0.55,0.5509,271907
2022-12-27,XOS,0.5502,0.5585,0.4852,0.5,598148
2022-12-28,XOS,0.5,0.5029,0.46,0.4601,455735
2022-12-29,XOS,0.4706,0.4955,0.4524,0.4766,736685
2022-12-30,XOS,0.465,0.5,0.43,0.4429,892532
2023-01-03,XOS,0.4433,0.497,0.4433,0.4961,549113
2023-01-04,XOS,0.5201,0.595,0.5001,0.582,390676
2023-01-05,XOS,0.5806,0.6955,0.53,0.6729,770451
2023-01-06,XOS,0.69,0.8429,0.65,0.8113,826160
2023-01-09,XOS,0.83,1.01,0.8101,0.9469,1110919
2023-01-10,XOS,1.09,1.09,0.9692,1.02,1040004
2023-01-11,XOS,1.05,1.08,0.996,1.08,576558
2023-01-12,XOS,1.1,1.19,1.05,1.08,641455
2023-01-13,XOS,1.16,1.16,0.9412,0.9923,1170274
2023-01-17,XOS,1.03,1.08,1.0,1.075,630822
2023-01-18,XOS,1.1,1.11,0.9725,0.9975,642069
2023-01-19,XOS,1.0,1.0099,0.95,0.9865,400318
2023-01-20,XOS,1.0,1.04,0.94,1.0,774070
2023-01-23,XOS,1.03,1.07,0.9901,1.01,980663
2023-01-24,XOS,1.03,1.04,0.9611,0.9901,556539
2023-01-25,XOS,1.0,1.0063,0.74,0.8441,1033301
2023-01-26,XOS,0.888,0.9073,0.82,0.8489,407816
2023-01-27,XOS,0.8443,1.04,0.83,0.9555,655777
2023-01-30,XOS,0.9555,1.02,0.9,0.94,333129
2023-01-31,XOS,0.955,0.99,0.93,0.9469,239405
2023-02-01,XOS,0.9572,0.9855,0.94,0.9732,287759
2023-02-02,XOS,1.02,1.05,0.97,0.99,486302
2023-02-03,XOS,1.01,1.02,0.98,0.9861,257574
2023-02-06,XOS,0.97,0.9861,0.901,0.9359,318447
2023-02-07,XOS,0.92,0.9606,0.88,0.914,531291
2023-02-08,XOS,0.92,0.93,0.892,0.9202,141894
2023-02-09,XOS,0.9071,0.94,0.89,0.895,336353
2023-02-10,XOS,0.9138,0.935,0.825,0.8299,213330
2023-02-13,XOS,0.83,0.8987,0.82,0.8712,230884
2023-02-14,XOS,0.8289,0.8714,0.8289,0.8448,181449
2023-02-15,XOS,0.84,0.8872,0.8355,0.8752,133227
2023-02-16,XOS,0.8709,0.9289,0.85,0.8728,278696
2023-02-17,XOS,0.8806,0.92,0.851,0.8512,211995
2023-02-21,XOS,0.841,0.91,0.84,0.8735,433657
2023-02-22,XOS,0.85,0.8929,0.8047,0.8062,313263
2023-02-23,XOS,0.8,0.8933,0.8,0.8225,211588
2023-02-24,XOS,0.8255,0.85,0.7905,0.8068,157453
2023-02-27,XOS,0.8005,0.85,0.8,0.8006,191631
2023-02-28,XOS,0.8311,0.85,0.7676,0.7676,256343
2023-03-01,XOS,0.77,0.8,0.7116,0.7116,208000
2023-03-02,XOS,0.7155,0.74,0.649,0.6633,365524
2023-03-03,XOS,0.693,0.82,0.6801,0.802,724662
2023-03-06,XOS,0.8258,0.83,0.72,0.7906,248510
2023-03-07,XOS,0.7826,0.7901,0.74,0.7401,134819
2023-03-08,XOS,0.72,0.745,0.68,0.6828,187556
2023-03-09,XOS,0.6963,0.72,0.63,0.63,336236
2023-03-10,XOS,0.632,0.68,0.63,0.638,187692
2023-03-13,XOS,0.6189,0.6587,0.5906,0.6054,276724
2023-03-14,XOS,0.61,0.6464,0.592,0.592,140818
2023-03-15,XOS,0.62,0.62,0.5624,0.5624,202233
2023-03-16,XOS,0.5719,0.6166,0.57,0.5845,131785
2023-03-17,XOS,0.5701,0.5891,0.55,0.555,491191
2023-03-20,XOS,0.54,0.59,0.54,0.5475,174824
2023-03-21,XOS,0.5749,0.58,0.53,0.5431,252287
2023-03-22,XOS,0.56,0.5665,0.49,0.4951,308130
2023-03-23,XOS,0.5127,0.5405,0.4851,0.4898,247277
2023-03-24,XOS,0.5302,0.5399,0.44,0.4592,474299
2023-03-27,XOS,0.48,0.511,0.4603,0.5067,458840
2023-03-28,XOS,0.51,0.5356,0.5,0.5092,198239
2023-03-29,XOS,0.5013,0.5509,0.5,0.5115,646052
2023-03-30,XOS,0.5423,0.56,0.4817,0.5068,431380
2023-03-31,XOS,0.51,0.55,0.51,0.525,507394
2023-04-03,XOS,0.52,0.6,0.513,0.5699,595154
2023-04-04,XOS,0.5699,0.58,0.5389,0.5599,181511
2023-04-05,XOS,0.58,0.66,0.5582,0.59,419964
2023-04-06,XOS,0.58,0.62,0.5501,0.6009,303425
2023-04-10,XOS,0.6,0.64,0.58,0.6124,707161
2023-04-11,XOS,0.6185,0.63,0.59,0.5906,233290
2023-04-12,XOS,0.62,0.62,0.56,0.5799,232431
2023-04-13,XOS,0.62,0.75,0.59,0.5987,1214591
2023-04-14,XOS,0.62,0.65,0.59,0.6008,291133
2023-04-17,XOS,0.6132,0.6164,0.5844,0.5959,276882
2023-04-18,XOS,0.59,0.62,0.5255,0.5527,540184
2023-04-19,XOS,0.58,0.6151,0.5601,0.59,320194
2023-04-20,XOS,0.572,0.59,0.572,0.5721,170240
2023-04-21,XOS,0.564,0.589,0.532,0.5342,260779
2023-04-24,XOS,0.5565,0.5565,0.49,0.4917,839916
2023-04-25,XOS,0.4917,0.5254,0.48,0.5027,473757
2023-04-26,XOS,0.53,0.53,0.48,0.4976,290444
2023-04-27,XOS,0.5018,0.515,0.48,0.5052,350215
2023-04-28,XOS,0.5052,0.5367,0.4976,0.5074,251682
2023-05-01,XOS,0.5162,0.5162,0.495,0.5061,253054
2023-05-02,XOS,0.51,0.5125,0.4922,0.4959,140495
2023-05-03,XOS,0.5,0.51,0.49,0.49,313099
2023-05-04,XOS,0.5,0.5028,0.4729,0.4774,286651
2023-05-05,XOS,0.4777,0.5099,0.4777,0.4926,214544
2023-05-08,XOS,0.5,0.5078,0.48,0.4879,317574
2023-05-09,XOS,0.49,0.5,0.4506,0.4835,283674
2023-05-10,XOS,0.4834,0.54,0.4834,0.54,362285
2023-05-11,XOS,0.52,0.54,0.5101,0.5115,270443
2023-05-12,XOS,0.51,0.52,0.481,0.4816,100216
2023-05-15,XOS,0.48,0.515,0.4542,0.4596,387011
2023-05-16,XOS,0.4588,0.4698,0.371,0.4091,1242131
2023-05-17,XOS,0.41,0.435,0.3962,0.411,278040
2023-05-18,XOS,0.4103,0.42,0.3833,0.3883,400053
2023-05-19,XOS,0.42,0.42,0.3742,0.381,325046
2023-05-22,XOS,0.38,0.3985,0.3755,0.3842,169332
2023-05-23,XOS,0.385,0.3944,0.38,0.3897,317915
2023-05-24,XOS,0.3933,0.4,0.3713,0.3713,216360
2023-05-25,XOS,0.3713,0.4,0.3572,0.3679,486624
2023-05-26,XOS,0.39,0.39,0.37,0.3778,184537
2023-05-30,XOS,0.382,0.401,0.377,0.3999,316822
2023-05-31,XOS,0.41,0.44,0.3865,0.418,285314
2023-06-01,XOS,0.42,0.4299,0.3701,0.383,246812
2023-06-02,XOS,0.4021,0.41,0.3701,0.386,334012
2023-06-05,XOS,0.4,0.4167,0.3777,0.405,365765
2023-06-06,XOS,0.41,0.44,0.391,0.4,313062
2023-06-07,XOS,0.4011,0.4112,0.3802,0.3933,503398
2023-06-08,XOS,0.4288,0.4295,0.38,0.4,176839
2023-06-09,XOS,0.3988,0.4171,0.39,0.39,201264
2023-06-12,XOS,0.3978,0.3995,0.38,0.388,245283
2023-06-13,XOS,0.38,0.4198,0.38,0.4031,364693
2023-06-14,XOS,0.415,0.4395,0.391,0.4046,455432
2023-06-15,XOS,0.3903,0.4288,0.3903,0.4211,336541
2023-06-16,XOS,0.4473,0.4488,0.3904,0.4093,413263
2023-06-20,XOS,0.4112,0.4305,0.38,0.3824,381862
2023-06-21,XOS,0.3995,0.3995,0.37,0.3958,368290
2023-06-22,XOS,0.37,0.4039,0.37,0.3834,299758
2023-06-23,XOS,0.371,0.3751,0.315,0.315,8238320
2023-06-26,XOS,0.304,0.3045,0.22,0.2608,1723551
2023-06-27,XOS,0.26,0.2604,0.2505,0.2505,1054149
2023-06-28,XOS,0.2506,0.2645,0.2082,0.2204,2928900
2023-06-29,XOS,0.2388,0.239,0.2177,0.2197,1123814
2023-06-30,XOS,0.22,0.2248,0.2103,0.2176,799537
2023-07-03,XOS,0.2197,0.2324,0.2185,0.2205,1259570
2023-07-05,XOS,0.2361,0.2791,0.2276,0.2694,1802654
2023-07-06,XOS,0.27,0.2791,0.2601,0.2657,505576
2023-07-07,XOS,0.263,0.31,0.2611,0.298,921778
2023-07-10,XOS,0.3205,0.3327,0.3161,0.32,510434
2023-07-11,XOS,0.33,0.4077,0.33,0.3965,1819631
2023-07-12,XOS,0.4457,0.4457,0.4095,0.41,1149498
2023-07-13,XOS,0.4062,0.41,0.3778,0.402,552054
2023-07-14,XOS,0.402,0.4097,0.3613,0.3701,407672
2023-07-17,XOS,0.38,0.4,0.3611,0.368,311587
2023-07-18,XOS,0.3689,0.3902,0.3548,0.362,403315
2023-07-19,XOS,0.3802,0.3976,0.363,0.3631,383019
2023-07-20,XOS,0.39,0.4,0.36,0.365,679782
2023-07-21,XOS,0.365,0.4,0.365,0.381,239067
2023-07-24,XOS,0.397,0.4,0.3737,0.375,183150
2023-07-25,XOS,0.39,0.3944,0.37,0.371,103534
2023-07-26,XOS,0.3703,0.395,0.37,0.3811,202229
2023-07-27,XOS,0.3707,0.39,0.3707,0.3709,266809
2023-07-28,XOS,0.3586,0.39,0.3586,0.3748,265217
2023-07-31,XOS,0.38,0.41,0.3729,0.404,404184
2023-08-01,XOS,0.45,0.58,0.4223,0.53,3346028
2023-08-02,XOS,0.4968,0.595,0.49,0.532,1426490
2023-08-03,XOS,0.532,0.6,0.52,0.587,1038224
2023-08-04,XOS,0.61,0.66,0.57,0.5762,1050608
2023-08-07,XOS,0.5723,0.575,0.5,0.5,713484
2023-08-08,XOS,0.48,0.5102,0.4241,0.449,557942
2023-08-09,XOS,0.4433,0.45,0.41,0.41,375991
2023-08-10,XOS,0.4081,0.4318,0.389,0.42,530180
2023-08-11,XOS,0.4,0.42,0.36,0.37,500494
2023-08-14,XOS,0.3657,0.37,0.32,0.3265,376735
2023-08-15,XOS,0.3294,0.3509,0.32,0.3303,348971
2023-08-16,XOS,0.322,0.3583,0.2901,0.2901,1007446
2023-08-17,XOS,0.295,0.3108,0.2722,0.2751,398903
2023-08-18,XOS,0.298,0.309,0.27,0.291,333119
2023-08-21,XOS,0.2952,0.325,0.29,0.299,303551
2023-08-22,XOS,0.2977,0.3099,0.2724,0.28,231009
2023-08-23,XOS,0.2955,0.3,0.28,0.298,147397
2023-08-24,XOS,0.291,0.3,0.278,0.282,279827
2023-08-25,XOS,0.288,0.2998,0.27,0.278,271173
2023-08-28,XOS,0.2727,0.28,0.26,0.271,190194
2023-08-29,XOS,0.2923,0.2923,0.2655,0.273,154944
2023-08-30,XOS,0.29,0.2914,0.27,0.2823,179402
2023-08-31,XOS,0.2815,0.2998,0.268,0.2697,221864
2023-09-01,XOS,0.2707,0.2899,0.2706,0.2744,135208
2023-09-05,XOS,0.299,0.35,0.272,0.341,711803
2023-09-06,XOS,0.3108,0.34,0.3,0.303,173795
2023-09-07,XOS,0.31,0.33,0.29,0.3157,311115
2023-09-08,XOS,0.32,0.33,0.3,0.302,109409
2023-09-11,XOS,0.3171,0.3213,0.3,0.3111,330185
2023-09-12,XOS,0.315,0.4,0.315,0.355,2238059
2023-09-13,XOS,0.3704,0.3796,0.337,0.338,383133
2023-09-14,XOS,0.3333,0.3997,0.3333,0.358,334628
2023-09-15,XOS,0.351,0.3865,0.3466,0.38,244831
2023-09-18,XOS,0.37,0.3988,0.35,0.3505,154801
2023-09-19,XOS,0.353,0.3638,0.3333,0.34,221599
2023-09-20,XOS,0.3333,0.35,0.325,0.3333,232332
2023-09-21,XOS,0.3333,0.3412,0.3333,0.339,162372
2023-09-22,XOS,0.3433,0.3551,0.3334,0.347,141381
2023-09-25,XOS,0.336,0.3559,0.3333,0.3336,121267
2023-09-26,XOS,0.3592,0.37,0.311,0.3181,387582
2023-09-27,XOS,0.35,0.35,0.3111,0.3275,152060
2023-09-28,XOS,0.3268,0.34,0.316,0.3351,97430
2023-09-29,XOS,0.335,0.35,0.33,0.3438,171840
2023-10-02,XOS,0.3334,0.3438,0.3201,0.3321,119858
2023-10-03,XOS,0.335,0.35,0.3128,0.3128,357531
2023-10-04,XOS,0.3201,0.3482,0.3,0.3024,254636
2023-10-05,XOS,0.32,0.32,0.3002,0.3041,132874
2023-10-06,XOS,0.3,0.315,0.3,0.3094,88753
2023-10-09,XOS,0.305,0.319,0.305,0.317,125567
2023-10-10,XOS,0.317,0.34,0.317,0.3276,175172
2023-10-11,XOS,0.3212,0.3399,0.321,0.3215,110451
2023-10-12,XOS,0.321,0.3348,0.3113,0.328,87478
2023-10-13,XOS,0.3333,0.3346,0.3155,0.326,419037
2023-10-16,XOS,0.34,0.34,0.3263,0.3263,110445
2023-10-17,XOS,0.339,0.359,0.3263,0.3434,159971
2023-10-18,XOS,0.3572,0.3732,0.34,0.3732,347097
2023-10-19,XOS,0.38,0.39,0.334,0.3401,267670
2023-10-20,XOS,0.33,0.35,0.291,0.3001,562737
2023-10-23,XOS,0.3,0.309,0.3,0.3001,236335
2023-10-24,XOS,0.2749,0.2956,0.27,0.278,404405
2023-10-25,XOS,0.28,0.31,0.255,0.2581,379477
2023-10-26,XOS,0.2581,0.3131,0.2511,0.26,274720
2023-10-27,XOS,0.2866,0.29,0.25,0.251,259929
2023-10-30,XOS,0.281,0.281,0.2331,0.2439,318301
2023-10-31,XOS,0.2498,0.2599,0.234,0.2473,212587
2023-11-01,XOS,0.2696,0.275,0.25,0.2595,202260
2023-11-02,XOS,0.2589,0.275,0.25,0.269,360293
2023-11-03,XOS,0.2615,0.29,0.2511,0.2532,390221
2023-11-06,XOS,0.27,0.27,0.2429,0.244,308448
2023-11-07,XOS,0.2395,0.2698,0.2395,0.2511,408629
2023-11-08,XOS,0.25,0.26,0.24,0.248,166738
2023-11-09,XOS,0.2413,0.26,0.2338,0.256,805143
2023-11-10,XOS,0.28,0.36,0.26,0.3351,2184787
2023-11-13,XOS,0.38,0.5,0.365,0.41,5371532
2023-11-14,XOS,0.407,0.45,0.3714,0.429,1330110
2023-11-15,XOS,0.4027,0.428,0.39,0.4052,441094
2023-11-16,XOS,0.41,0.415,0.3849,0.3849,180530
2023-11-17,XOS,0.399,0.3999,0.33,0.347,433379
2023-11-20,XOS,0.3366,0.37,0.3301,0.3501,135699
2023-11-21,XOS,0.336,0.368,0.29,0.2962,505878
2023-11-22,XOS,0.321,0.34,0.3,0.327,283937
2023-11-24,XOS,0.3391,0.3691,0.327,0.36,125208
2023-11-27,XOS,0.3532,0.3979,0.336,0.3431,177067
2023-11-28,XOS,0.355,0.355,0.3205,0.3401,210551
2023-11-29,XOS,0.33,0.3654,0.2998,0.305,910702
2023-11-30,XOS,0.3092,0.329,0.284,0.285,490142
2023-12-01,XOS,0.26,0.2957,0.26,0.293,470297
2023-12-04,XOS,0.28,0.28,0.26,0.2659,978986
2023-12-05,XOS,0.26,0.298,0.26,0.2645,696635
2023-12-06,XOS,0.27,0.285,0.2503,0.2533,592014
2023-12-07,XOS,7.3,7.6922,6.3701,6.59,82054
2023-12-08,XOS,6.04,6.9699,6.0,6.18,57658
2023-12-11,XOS,6.18,6.37,5.55,5.72,62331
2023-12-12,XOS,5.66,6.22,5.61,5.72,54273
2023-12-13,XOS,5.72,6.0883,5.5,5.97,38615
2023-12-14,XOS,6.13,9.2045,6.105,8.41,148744
2023-12-15,XOS,8.54,10.0561,8.42,9.9,87100
2023-12-18,XOS,10.12,10.12,8.18,8.26,45066
2023-12-19,XOS,8.1,8.8501,7.76,7.79,39230
2023-12-20,XOS,7.71,7.785,7.26,7.41,41228
2023-12-21,XOS,7.42,7.4633,6.825,7.12,14809
2023-12-22,XOS,7.01,7.8211,6.94,7.62,36058
2023-12-26,XOS,7.77,7.9899,7.5,7.62,27778
2023-12-27,XOS,7.65,7.84,7.352,7.5,21826
2023-12-28,XOS,7.5896,8.3,7.31,8.03,41632
2023-12-29,XOS,7.98,8.23,7.405,7.98,32581
2024-01-02,XOS,7.87,8.24,7.6301,8.0,16186
2024-01-03,XOS,8.05,8.1386,7.79,8.11,9506
2024-01-04,XOS,8.09,8.14,7.8562,7.93,2221
2024-01-05,XOS,8.04,8.04,7.67,7.73,4319
2024-01-08,XOS,7.74,7.96,7.6336,7.96,5520
2024-01-09,XOS,7.86,7.93,7.58,7.61,7010
2024-01-10,XOS,7.54,7.7196,7.1184,7.18,9670
2024-01-11,XOS,7.365,8.6855,6.98,8.49,48240
2024-01-12,XOS,8.78,9.676,8.6,9.36,47162
2024-01-16,XOS,9.53,9.7503,9.0701,9.18,12898
2024-01-17,XOS,9.12,9.3344,8.1101,8.605,18532
2024-01-18,XOS,8.6,8.645,8.16,8.33,15397
2024-01-19,XOS,8.27,8.27,7.47,7.98,24618
2024-01-22,XOS,8.08,8.08,7.71,7.95,6930
2024-01-23,XOS,8.13,8.69,8.02,8.02,20512
2024-01-24,XOS,8.37,8.45,7.945,8.0,12108
2024-01-25,XOS,8.14,8.25,7.92,8.14,9654
2024-01-26,XOS,8.07,8.5,7.79,7.98,42820
2024-01-29,XOS,7.98,8.29,7.98,8.23,8423
2024-01-30,XOS,8.23,8.23,8.1,8.1,5022
2024-01-31,XOS,8.0,8.18,7.7801,8.18,11082
2024-02-01,XOS,8.2,8.2,8.01,8.15,3319
2024-02-02,XOS,7.86,8.19,7.85,8.14,9113
2024-02-05,XOS,8.13,8.13,7.54,7.71,10458
2024-02-06,XOS,7.7099,7.99,7.5824,7.99,9084
2024-02-07,XOS,7.85,7.9647,7.67,7.96,4403
2024-02-08,XOS,8.0,8.0,7.7,7.9,5417
2024-02-09,XOS,7.76,8.05,7.7013,8.02,7874
2024-02-12,XOS,7.8105,8.1,7.8105,7.93,11366
2024-02-13,XOS,7.76,7.88,7.7,7.805,5163
2024-02-14,XOS,8.1,8.3392,7.75,7.93,5708
2024-02-15,XOS,7.71,7.93,7.71,7.8,9510
2024-02-16,XOS,8.0366,8.0366,7.73,7.88,8175
2024-02-20,XOS,7.74,8.0699,7.74,7.99,7030
2024-02-21,XOS,7.76,8.2,7.76,8.04,3452
2024-02-22,XOS,8.19,8.2,7.81,8.1,6903
2024-02-23,XOS,7.97,7.982,7.6001,7.82,9492
2024-02-26,XOS,7.82,7.82,7.72,7.78,7277
2024-02-27,XOS,7.79,7.9,7.7,7.86,8695
2024-02-28,XOS,8.0,8.765,7.9,8.65,37056
2024-02-29,XOS,8.58,9.245,8.58,9.08,22405
2024-03-01,XOS,9.15,11.15,9.15,10.6,37864
2024-03-04,XOS,11.0,14.86,10.6,13.57,86731
2024-03-05,XOS,13.39,13.5321,12.49,12.94,20409
2024-03-06,XOS,12.83,13.05,12.0,12.77,13138
2024-03-07,XOS,12.91,12.91,11.28,11.81,14494
2024-03-08,XOS,11.99,12.485,11.5,12.485,7827
2024-03-11,XOS,12.58,12.95,11.99,12.43,4140
2024-03-12,XOS,12.5,13.4,12.5,13.4,14535
2024-03-13,XOS,13.1589,13.1589,11.7001,12.0,10702
2024-03-14,XOS,12.25,13.3662,12.03,12.26,8377
2024-03-15,XOS,12.5126,13.19,12.0301,12.72,6920
2024-03-18,XOS,12.36,13.18,12.36,12.45,8054
2024-03-19,XOS,12.5,12.85,12.0,12.0,9519
2024-03-20,XOS,12.0,12.8,11.51,12.0,12277
2024-03-21,XOS,12.0,12.6057,11.32,11.42,14176
2024-03-22,XOS,11.0,12.15,10.47,11.72,19634
2024-03-25,XOS,12.0,12.38,11.544,11.95,42942
2024-03-26,XOS,11.98,12.05,11.8,11.8,6242
2024-03-27,XOS,11.8,12.35,10.12,10.31,44499
2024-03-28,XOS,10.13,11.14,10.1,10.24,100285
2024-04-01,XOS,10.5,10.8408,9.52,9.78,43288
2024-04-02,XOS,9.62,9.8514,8.4,8.54,57207
2024-04-03,XOS,8.51,8.87,8.33,8.555,22921
2024-04-04,XOS,8.48,9.31,8.48,9.0,21114
2024-04-05,XOS,9.0,9.1339,8.76,9.0,9574
2024-04-08,XOS,9.0,9.2499,8.5289,8.755,18269
2024-04-09,XOS,8.75,9.07,8.6,8.6,16152
2024-04-10,XOS,8.94,8.9581,8.51,8.58,9231
2024-04-11,XOS,8.74,8.99,8.5001,8.76,16171
2024-04-12,XOS,8.85,8.95,8.7601,8.8373,13676
2024-04-15,XOS,8.76,9.08,8.5054,8.74,12090
2024-04-16,XOS,8.51,8.8182,8.35,8.4927,11506
2024-04-17,XOS,8.48,8.5,8.01,8.23,12792
2024-04-18,XOS,8.15,8.15,7.8101,7.85,22699
2024-04-19,XOS,7.85,8.275,7.57,7.67,33181
2024-04-22,XOS,7.66,7.7,7.31,7.46,14359
2024-04-23,XOS,7.43,7.68,7.3222,7.68,11312
2024-04-24,XOS,7.6,7.6408,7.5,7.63,6039
2024-04-25,XOS,7.42,7.7,7.2181,7.59,9595
2024-04-26,XOS,7.61,7.6999,7.5037,7.56,6804
2024-04-29,XOS,7.48,7.6879,7.35,7.35,8759
2024-04-30,XOS,7.26,7.75,7.2,7.69,11337
2024-05-01,XOS,7.65,7.7299,7.3819,7.5,8460
2024-05-02,XOS,7.54,7.7,7.2801,7.65,21683
2024-05-03,XOS,7.68,7.68,7.13,7.45,25505
2024-05-06,XOS,7.44,7.669,7.44,7.5,11429
2024-05-07,XOS,7.67,7.7299,7.47,7.47,8937
2024-05-08,XOS,7.41,7.6378,7.4034,7.61,5409
2024-05-09,XOS,7.59,7.7499,7.468,7.645,9789
2024-05-10,XOS,7.56,7.8163,7.5,7.665,11376
2024-05-13,XOS,7.93,7.93,7.61,7.75,17101
2024-05-14,XOS,7.85,7.8875,7.69,7.76,17274
2024-05-15,XOS,7.79,7.9321,7.6,7.6,31641
2024-05-16,XOS,7.5,9.22,7.5,8.68,60521
2024-05-17,XOS,8.64,8.9119,8.1501,8.45,19654
2024-05-20,XOS,8.32,8.6953,8.015,8.02,19140
2024-05-21,XOS,7.95,8.27,7.8,7.97,20004
2024-05-22,XOS,7.84,8.175,7.62,8.13,12762
2024-05-23,XOS,8.15,8.3038,7.8024,7.93,9968
2024-05-24,XOS,7.98,7.99,7.33,7.49,34676
2024-05-28,XOS,7.65,7.88,7.5024,7.74,16421
2024-05-29,XOS,7.59,7.75,7.51,7.72,11061
2024-05-30,XOS,7.6,7.89,7.51,7.88,10135
2024-05-31,XOS,7.77,7.9817,7.55,7.94,13866
2024-06-03,XOS,7.95,7.95,7.572,7.89,8264
2024-06-04,XOS,7.82,7.8502,7.57,7.75,8233
2024-06-05,XOS,7.75,7.7516,7.5,7.61,11560
2024-06-06,XOS,7.54,7.71,7.46,7.55,11151
2024-06-07,XOS,7.51,7.67,7.4,7.49,7536
2024-06-10,XOS,7.38,7.49,7.14,7.33,15696
2024-06-11,XOS,7.3,7.3,7.22,7.3,10163
2024-06-12,XOS,7.31,7.5281,7.31,7.45,10745
2024-06-13,XOS,7.34,7.49,7.2,7.23,11001
2024-06-14,XOS,7.23,7.43,7.05,7.19,18863
2024-06-17,XOS,7.2,7.3599,7.0276,7.23,16091
2024-06-18,XOS,7.26,7.26,7.0,7.0,26992
2024-06-20,XOS,6.93,6.99,6.81,6.81,20979
2024-06-21,XOS,6.92,6.92,6.6,6.82,46291
2024-06-24,XOS,6.82,6.99,6.73,6.79,14529
2024-06-25,XOS,6.73,6.97,6.6,6.76,18567
2024-06-26,XOS,6.76,6.9699,6.65,6.79,15023
2024-06-27,XOS,6.69,6.9719,6.61,6.79,21815
2024-06-28,XOS,6.74,6.93,6.6,6.91,20342
2024-07-01,XOS,6.85,6.91,6.66,6.8,11202
2024-07-02,XOS,6.79,6.89,6.67,6.68,7901
2024-07-03,XOS,6.63,6.94,6.63,6.81,7900
2024-07-05,XOS,6.81,6.9399,6.7,6.71,7810
2024-07-08,XOS,6.7,6.9,6.65,6.65,6826
2024-07-09,XOS,6.65,6.785,6.63,6.7,7995
2024-07-10,XOS,6.71,6.735,6.56,6.56,9844
2024-07-11,XOS,6.64,6.71,6.55,6.59,10943
2024-07-12,XOS,6.6,6.7499,6.6,6.6,8768
2024-07-15,XOS,6.6,6.715,6.6,6.63,6674
2024-07-16,XOS,6.6,6.75,6.6,6.63,8010
2024-07-17,XOS,6.65,6.78,6.5,6.5,18505
2024-07-18,XOS,6.51,6.63,6.32,6.32,10659
2024-07-19,XOS,6.35,6.42,6.3,6.3,7980
2024-07-22,XOS,6.3,6.3899,6.2009,6.21,18413
2024-07-23,XOS,6.2,6.3715,6.2,6.35,8399
2024-07-24,XOS,6.35,6.35,6.2103,6.26,11338
2024-07-25,XOS,6.19,6.245,6.11,6.11,9640
2024-07-26,XOS,6.11,6.24,6.11,6.18,9702
2024-07-29,XOS,6.17,6.3422,6.1201,6.25,6512
2024-07-30,XOS,6.36,6.36,6.1,6.11,9830
2024-07-31,XOS,6.21,6.3584,6.11,6.12,6943
2024-08-01,XOS,6.11,6.15,5.92,5.97,28089
2024-08-02,XOS,5.9,5.9,5.305,5.35,27661
2024-08-05,XOS,5.27,5.4,5.2501,5.33,21270
2024-08-06,XOS,5.25,5.3206,4.8,4.9,48866
2024-08-07,XOS,5.04,5.2818,4.9523,5.16,29369
2024-08-08,XOS,5.07,5.19,5.07,5.19,12626
2024-08-09,XOS,5.19,5.1944,5.15,5.19,5634
2024-08-12,XOS,5.1,5.386,5.095,5.19,35843
2024-08-13,XOS,5.2,5.2,5.091,5.16,10141
2024-08-14,XOS,5.38,5.51,5.0801,5.15,23527
2024-08-15,XOS,5.43,5.43,5.1211,5.25,13756
2024-08-16,XOS,5.28,5.672,5.25,5.39,21984
2024-08-19,XOS,5.45,5.67,5.45,5.51,10098
2024-08-20,XOS,5.5355,5.5736,5.5,5.52,8158
2024-08-21,XOS,5.67,5.67,5.48,5.51,9190
2024-08-22,XOS,5.5,5.65,5.43,5.43,7839
2024-08-23,XOS,5.41,5.54,5.36,5.36,6974
2024-08-26,XOS,5.36,5.4699,5.15,5.15,13352
2024-08-27,XOS,5.15,5.4099,5.11,5.13,19716
2024-08-28,XOS,5.1,5.6,5.09,5.22,31901
2024-08-29,XOS,5.26,5.385,5.18,5.18,8813
2024-08-30,XOS,5.31,5.31,5.0,5.02,23790
2024-09-03,XOS,5.01,5.13,4.7,4.72,26787
2024-09-04,XOS,4.77,5.04,4.7,4.85,15516
2024-09-05,XOS,4.83,5.0,4.77,4.9,9309
2024-09-06,XOS,4.84,4.99,4.7691,4.94,7254
2024-09-09,XOS,4.85,4.94,4.75,4.75,15751
2024-09-10,XOS,4.75,4.81,4.7,4.8,10150
2024-09-11,XOS,4.765,4.8,4.625,4.76,14360
2024-09-12,XOS,4.72,4.8219,4.72,4.74,7532
2024-09-13,XOS,4.7,4.85,4.6228,4.76,26855
2024-09-16,XOS,4.76,4.9303,4.76,4.87,12335
2024-09-17,XOS,4.95,4.9999,4.84,4.85,22510
2024-09-18,XOS,4.82,4.92,4.8,4.87,17341
2024-09-19,XOS,4.9,4.905,4.8016,4.87,13549
2024-09-20,XOS,4.82,4.83,4.71,4.74,22166
2024-09-23,XOS,4.71,4.74,4.58,4.64,26598
2024-09-24,XOS,4.61,4.8,4.5197,4.63,28293
2024-09-25,XOS,4.68,4.74,4.61,4.62,16003
2024-09-26,XOS,4.63,4.749,4.61,4.62,12056
2024-09-27,XOS,4.61,4.9235,4.61,4.61,15276
2024-09-30,XOS,4.57,4.865,4.55,4.55,20236
2024-10-01,XOS,4.6,4.6,4.48,4.49,18456
2024-10-02,XOS,4.48,4.6991,4.4283,4.48,15163
2024-10-03,XOS,4.46,4.57,4.43,4.48,11493
2024-10-04,XOS,4.46,4.6,4.4238,4.52,14955
2024-10-07,XOS,4.48,4.606,4.43,4.57,20085
2024-10-08,XOS,4.5,4.58,4.4431,4.55,15304
2024-10-09,XOS,4.49,4.5614,4.49,4.53,21396
2024-10-10,XOS,4.53,4.6,4.4,4.57,20069
2024-10-11,XOS,4.6,4.62,4.5067,4.6,11258
2024-10-14,XOS,4.54,4.7,4.54,4.7,12995
2024-10-15,XOS,4.64,4.72,4.6368,4.67,15553
2024-10-16,XOS,4.73,4.8,4.65,4.69,17202
2024-10-17,XOS,4.64,4.7827,4.63,4.63,10172
2024-10-18,XOS,4.71,4.71,4.55,4.71,12122
2024-10-21,XOS,4.62,4.72,4.62,4.65,15124
2024-10-22,XOS,4.58,4.65,4.57,4.58,19589
2024-10-23,XOS,4.66,4.92,4.66,4.81,50071
2024-10-24,XOS,4.85,5.0,4.85,4.86,46131
2024-10-25,XOS,5.0,5.0,4.74,4.74,20035
2024-10-28,XOS,4.79,4.968,4.6766,4.8,15168
2024-10-29,XOS,4.84,4.899,4.68,4.7,15161
2024-10-30,XOS,4.78,4.78,4.51,4.51,16453
2024-10-31,XOS,4.53,4.545,4.38,4.48,20215
2024-11-01,XOS,4.44,4.48,4.36,4.39,11376
2024-11-04,XOS,4.35,4.5,4.34,4.42,17440
2024-11-05,XOS,4.36,4.49,4.36,4.41,8873
2024-11-06,XOS,4.35,4.495,4.2,4.29,29531
2024-11-07,XOS,4.23,4.3381,4.0,4.13,47928
2024-11-08,XOS,4.13,4.9503,4.05,4.74,36420
2024-11-11,XOS,4.93,5.15,4.8,5.0,84700
2024-11-12,XOS,5.04,5.21,4.86,5.14,34021
2024-11-13,XOS,4.97,5.45,4.97,5.2,45048
2024-11-14,XOS,4.66,4.7,4.1093,4.45,84571
2024-11-15,XOS,4.42,4.46,4.1701,4.23,24389
2024-11-18,XOS,4.3,4.41,4.0,4.1,44772
2024-11-19,XOS,4.02,4.02,3.6818,3.8,58077
2024-11-20,XOS,3.8,3.8793,3.65,3.8626,50018
2024-11-21,XOS,3.81,4.37,3.79,4.06,73001
2024-11-22,XOS,4.03,4.6407,3.96,4.54,120302
2024-11-25,XOS,4.49,4.56,4.3,4.49,49420
2024-11-26,XOS,4.49,4.64,4.3,4.38,27133
2024-11-27,XOS,4.37,4.4688,4.11,4.17,15794
2024-11-29,XOS,4.35,4.488,4.205,4.22,18102
2024-12-02,XOS,4.2,4.32,3.85,3.89,47477
2024-12-03,XOS,3.9,4.0781,3.9,4.0,15124
2024-12-04,XOS,4.12,4.1765,3.68,3.8,42269
2024-12-05,XOS,3.84,4.03,3.79,3.88,40604
2024-12-06,XOS,3.92,3.9617,3.75,3.84,25199
2024-12-09,XOS,3.78,3.85,3.71,3.76,26676
2024-12-10,XOS,3.71,3.8621,3.68,3.71,28346
2024-12-11,XOS,3.68,3.82,3.5318,3.6,22838
2024-12-12,XOS,3.57,3.69,3.5,3.62,19973
2024-12-13,XOS,3.58,3.72,3.55,3.6,13466
2024-12-16,XOS,3.56,3.6862,3.5042,3.51,32704
2024-12-17,XOS,3.51,3.5153,3.3401,3.44,25114
2024-12-18,XOS,3.39,3.48,3.25,3.25,30133
2024-12-19,XOS,3.3,3.3399,3.0,3.04,36240
2024-12-20,XOS,3.0,3.15,2.92,3.12,38505
2024-12-23,XOS,3.1,3.2,3.079,3.12,20194
2024-12-24,XOS,3.1,3.335,3.1,3.32,11455
2024-12-26,XOS,3.33,3.44,3.1286,3.27,16677
2024-12-27,XOS,3.22,3.3492,3.11,3.16,25983
2024-12-30,XOS,3.16,3.835,3.15,3.42,104347
2024-12-31,XOS,3.48,3.5,3.2,3.24,53924
2025-01-02,XOS,3.4,3.5,3.25,3.25,30601
2025-01-03,XOS,3.3,3.67,3.25,3.57,33538
2025-01-06,XOS,3.64,3.82,3.6084,3.63,31424
2025-01-07,XOS,3.66,3.75,3.5575,3.57,33142
2025-01-08,XOS,3.58,3.63,3.3989,3.55,9037
2025-01-10,XOS,3.46,3.65,3.3913,3.45,12008
2025-01-13,XOS,3.4,3.58,3.3,3.3,11415
2025-01-14,XOS,3.34,3.5611,3.2,3.27,13186
2025-01-15,XOS,3.3,3.4299,3.14,3.166,19375
2025-01-16,XOS,3.29,3.3833,3.121,3.19,20115
2025-01-17,XOS,3.29,3.35,3.165,3.31,24641
2025-01-21,XOS,3.3,3.3398,3.18,3.24,15760
2025-01-22,XOS,3.37,3.37,3.12,3.17,12472
2025-01-23,XOS,3.11,3.12,3.0,3.0,19873
2025-01-24,XOS,3.0,3.1397,3.0,3.07,12165
2025-01-27,XOS,3.01,3.2927,3.0,3.1,28315
2025-01-28,XOS,3.07,3.2,2.9284,3.04,19805
2025-01-29,XOS,3.01,3.1185,3.0,3.0,7317
2025-01-30,XOS,3.0,3.12,3.0,3.01,87049
2025-01-31,XOS,3.05,3.12,3.0053,3.09,11709
2025-02-03,XOS,2.96,3.092,2.95,3.0,16362
2025-02-04,XOS,2.97,3.125,2.97,3.08,12437
2025-02-05,XOS,3.05,3.1843,3.05,3.1843,8505
2025-02-06,XOS,3.15,3.17,3.0663,3.164,7989
2025-02-07,XOS,3.12,3.1644,3.0514,3.07,5355
2025-02-10,XOS,3.03,3.13,3.02,3.12,13020
2025-02-11,XOS,3.05,3.1303,2.95,3.0,36999
2025-02-12,XOS,3.0,3.1257,3.0,3.06,17423
2025-02-13,XOS,3.01,3.1,2.95,3.07,7144
2025-02-14,XOS,3.06,3.15,3.06,3.09,12206
2025-02-18,XOS,3.06,3.2495,3.04,3.17,13615
2025-02-19,XOS,3.17,3.23,3.1,3.13,1995215
2025-02-20,XOS,4.43,9.1499,4.24,6.25,96146376
2025-02-21,XOS,5.5,6.03,5.01,6.0,1917037
2025-02-24,XOS,6.01,6.1199,5.2,5.5,614264
2025-02-25,XOS,5.25,5.41,4.81,4.82,274654
2025-02-26,XOS,4.64,4.9695,4.51,4.9,136784
2025-02-27,XOS,4.9,4.98,4.7,4.79,90725
2025-02-28,XOS,4.73,4.8999,4.511,4.54,133716
2025-03-03,XOS,4.45,4.59,4.0,4.0,112172
2025-03-04,XOS,3.9,3.9686,3.76,3.85,85247
2025-03-05,XOS,3.84,4.4184,3.75,4.16,67192
2025-03-06,XOS,4.21,4.3597,4.02,4.24,23368
2025-03-07,XOS,4.18,4.351,4.06,4.29,36365
2025-03-10,XOS,4.24,4.29,3.5,3.5,42372
2025-03-11,XOS,3.5,3.71,3.34,3.43,25820
2025-03-12,XOS,3.43,3.5288,3.32,3.46,21802
2025-03-13,XOS,3.4112,3.68,3.41,3.54,32066
2025-03-14,XOS,3.67,4.09,3.55,3.83,179037
2025-03-17,XOS,3.81,3.89,3.59,3.62,78460
2025-03-18,XOS,3.58,3.8261,3.53,3.53,30281
2025-03-19,XOS,3.51,3.6693,3.51,3.58,17821
2025-03-20,XOS,3.55,3.8,3.52,3.71,36512
2025-03-21,XOS,3.71,3.96,3.6469,3.95,48448
2025-03-24,XOS,3.96,4.24,3.96,4.15,54071
2025-03-25,XOS,4.26,4.26,3.95,4.05,28994
2025-03-26,XOS,3.97,4.0399,3.65,3.65,59350
2025-03-27,XOS,3.57,3.6499,3.525,3.56,25561
2025-03-28,XOS,3.56,3.6671,3.37,3.44,1536494
2025-03-31,XOS,3.38,3.5,2.906,3.01,285693
2025-04-01,XOS,3.0,3.2174,3.0,3.02,77250
2025-04-02,XOS,3.0,3.3,3.0,3.21,95934
2025-04-03,XOS,3.11,3.2,3.0219,3.09,19168
2025-04-04,XOS,3.01,3.1154,2.96,2.99,91523
2025-04-07,XOS,2.94,3.09,2.81,3.02,37709
2025-04-08,XOS,3.02,3.03,2.76,2.87,36138
2025-04-09,XOS,2.83,3.2528,2.73,3.18,144855
2025-04-10,XOS,3.14,3.4118,3.14,3.39,21039
2025-04-11,XOS,3.35,3.38,3.232,3.35,15636
2025-04-14,XOS,3.31,3.5299,3.28,3.34,24606
2025-04-15,XOS,3.32,3.4902,3.24,3.44,15572
2025-04-16,XOS,3.42,3.5753,3.22,3.22,18519
2025-04-17,XOS,3.21,3.3995,3.21,3.38,11529
2025-04-21,XOS,3.34,3.43,3.21,3.43,18157
2025-04-22,XOS,3.51,3.7,3.3811,3.7,33238
2025-04-23,XOS,3.75,3.9363,3.69,3.8,17097
2025-04-24,XOS,3.8,3.9981,3.6601,3.91,13904
2025-04-25,XOS,3.88,3.9799,3.6,3.88,26655
2025-04-28,XOS,3.85,3.9799,3.62,3.84,67970
2025-04-29,XOS,3.92,3.92,3.8501,3.88,12566
2025-04-30,XOS,3.87,3.93,3.7221,3.81,7766
2025-05-01,XOS,3.82,3.97,3.8,3.94,7454
2025-05-02,XOS,3.98,4.02,3.96,3.99,10823
2025-05-05,XOS,3.97,3.9769,3.78,3.82,13898
2025-05-06,XOS,3.8,4.06,3.74,3.81,35108
2025-05-07,XOS,3.81,3.895,3.7,3.71,13642
2025-05-08,XOS,3.84,3.98,3.72,3.84,18926
2025-05-09,XOS,3.75,3.9184,3.745,3.82,25757
2025-05-12,XOS,3.88,4.04,3.83,4.0,16539
2025-05-13,XOS,3.86,4.0,3.86,3.94,17365
2025-05-14,XOS,3.92,4.0,3.7,3.77,23994
2025-05-15,XOS,3.51,3.68,3.35,3.53,47745
2025-05-16,XOS,3.36,3.745,3.3501,3.55,25575
2025-05-19,XOS,3.55,3.74,3.42,3.6,36686
2025-05-20,XOS,3.58,3.59,3.4522,3.49,24099
2025-05-21,XOS,3.52,3.68,3.25,3.335,30534
2025-05-22,XOS,3.3,3.37,3.26,3.3213,14880
2025-05-23,XOS,3.25,3.4685,3.23,3.27,16069
2025-05-27,XOS,3.35,3.4742,3.24,3.4,19440
2025-05-28,XOS,3.39,3.4455,3.273,3.34,9370
2025-05-29,XOS,3.38,3.4,3.3,3.335,8291
2025-05-30,XOS,3.37,3.37,3.29,3.3,8252
2025-06-02,XOS,3.4299,3.43,3.17,3.2,13962
2025-06-03,XOS,3.17,3.3,3.15,3.15,30676
2025-06-04,XOS,3.14,3.169,3.04,3.12,30446
2025-06-05,XOS,3.12,3.2669,3.0447,3.07,16994
2025-06-06,XOS,3.1,3.1992,3.0501,3.15,22082
2025-06-09,XOS,3.22,3.3,3.12,3.25,48582
2025-06-10,XOS,3.26,3.6,3.25,3.35,55384
2025-06-11,XOS,3.38,3.54,3.3,3.32,24997
2025-06-12,XOS,3.3,3.3449,3.22,3.22,9156
2025-06-13,XOS,3.27,3.31,3.0,3.08,23279
2025-06-16,XOS,3.08,3.13,3.06,3.08,12739
2025-06-17,XOS,3.1,3.15,3.095,3.1,8216
2025-06-18,XOS,3.13,3.13,3.06,3.06,13767
2025-06-20,XOS,3.03,3.1359,3.0,3.01,13164
2025-06-23,XOS,3.01,3.05,3.0,3.01,19580
2025-06-24,XOS,3.0532,3.0999,3.0,3.0,16139
2025-06-25,XOS,3.0,3.0808,3.0,3.065,6329
2025-06-26,XOS,3.01,3.15,3.01,3.04,19512
2025-06-27,XOS,3.05,3.0899,3.0101,3.02,13123
2025-06-30,XOS,3.01,3.09,3.01,3.02,9727
2025-07-01,XOS,3.02,3.2222,3.0,3.11,50562
2025-07-02,XOS,3.26,3.26,3.1606,3.24,15916
2025-07-03,XOS,3.2,3.3,3.2,3.21,14097
2025-07-07,XOS,3.21,3.3,3.2,3.2,17191
2025-07-08,XOS,3.17,3.37,3.17,3.3,16823
2025-07-09,XOS,3.33,3.408,3.23,3.32,9102
2025-07-10,XOS,3.33,3.5,3.26,3.41,38160
2025-07-11,XOS,3.47,3.49,3.2877,3.44,19044
2025-07-14,XOS,3.43,3.5,3.34,3.413,29522
2025-07-15,XOS,3.41,3.41,3.3,3.3,16280
2025-07-16,XOS,3.37,3.45,3.34,3.34,13101
2025-07-17,XOS,3.34,3.5941,3.34,3.46,64605
2025-07-18,XOS,3.45,3.58,3.37,3.37,46809
2025-07-21,XOS,3.41,3.5057,3.21,3.3,40102
2025-07-22,XOS,3.28,3.49,3.2,3.45,29911
2025-07-23,XOS,3.4,3.6,3.39,3.53,39306
2025-07-24,XOS,3.51,3.59,3.45,3.51,18764
2025-07-25,XOS,3.45,3.56,3.21,3.34,38221
2025-07-28,XOS,3.31,3.32,3.15,3.17,16333
2025-07-29,XOS,3.21,3.25,3.0,3.02,28066
2025-07-30,XOS,3.04,3.19,3.0352,3.09,11935
2025-07-31,XOS,3.09,3.25,3.0259,3.08,28823
2025-08-01,XOS,3.07,3.115,2.965,2.97,26867
2025-08-04,XOS,3.02,3.0803,2.9703,3.0,13718
2025-08-05,XOS,3.02,3.1474,2.98,3.08,16210
2025-08-06,XOS,3.08,3.098,3.03,3.06,6313
2025-08-07,XOS,3.04,3.15,3.0175,3.09,14951
2025-08-08,XOS,3.09,3.22,3.09,3.195,12256
2025-08-11,XOS,3.16,3.33,3.16,3.27,49382
2025-08-12,XOS,3.31,3.45,3.1684,3.37,26230
2025-08-13,XOS,3.31,3.58,3.31,3.49,110795
2025-08-14,XOS,4.09,5.6,3.14,3.78,23666809
2025-08-15,XOS,3.54,3.55,2.95,3.26,849052
2025-08-18,XOS,3.17,3.17,3.02,3.12,234986
2025-08-19,XOS,3.05,3.2,3.0,3.09,192554
2025-08-20,XOS,3.12,3.2,2.95,3.0,131526
2025-08-21,XOS,2.95,3.23,2.935,3.18,101903
2025-08-22,XOS,3.16,3.3,3.11,3.15,98340
2025-08-25,XOS,3.14,3.215,3.04,3.08,56127
2025-08-26,XOS,3.09,3.2,2.99,3.05,142772
2025-08-27,XOS,3.07,3.13,2.9899,2.99,121749
2025-08-28,XOS,3.03,3.03,2.97,2.99,92013
2025-08-29,XOS,2.95,3.0,2.83,2.83,168674
2025-09-02,XOS,2.84,2.857,2.54,2.57,202811
2025-09-03,XOS,2.6,2.6675,2.38,2.42,163283
2025-09-04,XOS,2.38,2.41,2.21,2.3,112872
2025-09-05,XOS,2.34,2.35,2.27,2.34,61967
2025-09-08,XOS,2.36,2.39,2.24,2.29,101188
2025-09-09,XOS,2.26,2.355,2.25,2.34,50482
2025-09-10,XOS,2.32,2.41,2.3016,2.34,42377
2025-09-11,XOS,2.29,2.4699,2.2808,2.4,68885
2025-09-12,XOS,2.38,2.4825,2.36,2.4,58807
2025-09-15,XOS,2.37,2.58,2.36,2.55,124345
2025-09-16,XOS,2.55,2.75,2.55,2.67,102671
2025-09-17,XOS,2.68,2.75,2.64,2.64,42965
2025-09-18,XOS,2.65,2.84,2.65,2.81,52527
2025-09-19,XOS,2.85,2.9,2.7183,2.84,105564
2025-09-22,XOS,2.84,2.93,2.79,2.87,50565
2025-09-23,XOS,2.9,3.09,2.82,2.82,124500
2025-09-24,XOS,2.77,2.97,2.7501,2.86,56386
2025-09-25,XOS,2.84,2.8856,2.77,2.81,28067
2025-09-26,XOS,2.81,2.81,2.7248,2.79,25302
2025-09-29,XOS,2.78,2.83,2.62,2.63,65671
2025-09-30,XOS,2.66,2.7308,2.63,2.7,17898
2025-10-01,XOS,2.62,2.73,2.62,2.69,32690
2025-10-02,XOS,2.68,2.8391,2.67,2.78,62708
2025-10-03,XOS,2.74,2.95,2.74,2.87,59371
2025-10-06,XOS,2.88,2.9951,2.86,2.93,49258
2025-10-07,XOS,2.95,3.03,2.81,2.89,50914
2025-10-08,XOS,2.8207,2.94,2.82,2.92,18651
2025-10-09,XOS,2.94,2.94,2.85,2.91,24402
2025-10-10,XOS,2.96,2.97,2.71,2.75,66256
2025-10-13,XOS,2.77,2.8895,2.7561,2.78,21438
2025-10-14,XOS,2.8,2.89,2.76,2.85,43885
2025-10-15,XOS,2.8,2.95,2.8,2.91,50806
2025-10-16,XOS,2.93,2.93,2.76,2.77,25676
2025-10-17,XOS,2.77,2.9,2.71,2.79,33435
2025-10-20,XOS,2.83,2.9151,2.78,2.84,27091
2025-10-21,XOS,2.84,2.9,2.8001,2.89,23860
2025-10-22,XOS,2.87,2.88,2.7279,2.76,31069
2025-10-23,XOS,2.76,2.85,2.71,2.76,25741
2025-10-24,XOS,2.77,2.84,2.7414,2.82,17708
2025-10-27,XOS,2.81,2.82,2.77,2.78,10421
2025-10-28,XOS,2.76,2.87,2.76,2.78,23236
2025-10-29,XOS,2.78,2.8499,2.71,2.75,41010
2025-10-30,XOS,2.72,2.8,2.62,2.65,71048
2025-10-31,XOS,2.62,2.72,2.6,2.72,19758
2025-11-03,XOS,2.72,2.72,2.65,2.65,32744
2025-11-04,XOS,2.55,2.6,2.41,2.42,50058
2025-11-05,XOS,2.41,2.51,2.41,2.5,19687
2025-11-06,XOS,2.47,2.495,2.41,2.42,21100
2025-11-07,XOS,2.41,2.47,2.39,2.42,27890
2025-11-10,XOS,2.42,2.45,2.38,2.42,23350
2025-11-11,XOS,2.44,2.45,2.38,2.41,16511
2025-11-12,XOS,2.45,2.52,2.38,2.49,33025
2025-11-13,XOS,2.5,2.64,2.46,2.52,68354
2025-11-14,XOS,2.58,2.58,2.35,2.43,38911
2025-11-17,XOS,2.41,2.49,2.31,2.32,32574
2025-11-18,XOS,2.3,2.5199,2.293,2.33,12602
2025-11-19,XOS,2.3,2.305,2.1501,2.18,33326
2025-11-20,XOS,2.21,2.29,2.15,2.15,25741
2025-11-21,XOS,2.13,2.28,2.1236,2.27,22132
2025-11-24,XOS,2.28,2.3,2.25,2.3,12879
2025-11-25,XOS,2.25,2.4303,2.2,2.29,28307
2025-11-26,XOS,2.29,2.3728,2.25,2.3,22221
2025-11-28,XOS,2.27,2.4299,2.27,2.36,27132
2025-12-01,XOS,2.33,2.39,2.33,2.39,16229
2025-12-02,XOS,2.345,2.38,2.2719,2.3,22349
2025-12-03,XOS,2.17,2.36,2.16,2.35,24361
2025-12-04,XOS,2.31,2.3659,2.21,2.33,21878
2025-12-05,XOS,2.36,2.55,2.21,2.25,346557
2025-12-08,XOS,2.29,2.29,2.19,2.2,54688
2025-12-09,XOS,2.18,2.34,2.18,2.3,23445
2025-12-10,XOS,2.25,2.3639,2.2008,2.3,28212
2025-12-11,XOS,2.29,2.35,2.29,2.32,8225
2025-12-12,XOS,2.35,2.35,2.25,2.32,24817
2025-12-15,XOS,2.3,2.3081,2.16,2.17,39589
2025-12-16,XOS,2.17,2.2238,2.1,2.13,50496
2025-12-17,XOS,2.16,2.17,2.07,2.07,33879
2025-12-18,XOS,2.06,2.12,2.01,2.01,62057
2025-12-19,XOS,2.0,2.17,2.0,2.07,78516
2025-12-22,XOS,2.07,2.19,2.07,2.13,53781
2025-12-23,XOS,2.1356,2.17,2.0,2.0,52630
2025-12-24,XOS,2.0,2.09,2.0,2.03,26104
2025-12-26,XOS,2.01,2.06,2.0,2.02,33918
2025-12-29,XOS,2.02,2.0424,1.851,1.91,100544
2025-12-30,XOS,1.93,1.93,1.7875,1.8,91515
2025-12-31,XOS,1.78,1.864,1.744,1.81,57651
